1, 2, 9, 15, 21, 37, 39, 70, 75, 101, 105, 108, 124, 126, 130, 178, 179, 180, 196
2, 10, 23, 24, 27, 29, 36, 38, 41, 46, 57, 60, 63, 71, 78, 83, 86, 106, 116, 117, 120, 122, 125, 136, 151, 153, 162, 174, 181, 195
3, 3, 13, 42, 59, 68, 84, 87, 128, 138, 155, 158, 184, 197
4, 8, 12, 19, 30, 51, 53, 56, 81, 94, 109, 123, 137, 139, 149, 199
5, 17, 20, 55, 77, 112, 167, 172, 189, 193
6, 5, 18, 33, 34, 40, 49, 54, 65, 66, 69, 72, 74, 95, 98, 114, 134, 143, 146, 164, 168, 186, 190, 198
7, 133, 135
8, 32, 80, 85, 97, 132, 145, 192
9, 43, 44, 50, 79, 88, 91, 100, 115, 147, 150, 156, 157, 161, 163, 170, 171, 173, 183
10, 4, 35, 73, 89, 92, 113, 140, 176, 182, 191
11, 48, 62, 76, 159
12, 6, 7, 16, 25, 47, 64, 82, 99, 103, 104, 107, 110, 121, 129, 131, 141, 169, 188
13, 11, 14, 31, 67, 118, 144, 175, 187, 200
